0.999989 0.000418385 -0.00133082 0 0.000418017 -0.99999 -0.000276437 0 -0.00133095 0.000275883 -0.999999 0 0.500366 6.12688e-05 0.69931 1 
-0.652034 -0.574696 -0.494527 0 -0.483401 0.817601 -0.312781 0 0.584091 0.0351117 -0.810929 0 0.145758 -0.206367 0.78978 1 
-0.694973 -0.379959 -0.61043 0 -0.366639 0.917566 -0.153718 0 0.618528 0.11698 -0.777006 0 0.134944 -0.19267 0.701359 1 
-0.73385 -0.248385 -0.632257 0 -0.224516 0.967124 -0.119348 0 0.641128 0.0543693 -0.765506 0 0.0916184 -0.142807 0.66181 1 
-0.674601 -0.459731 -0.57753 0 -0.465631 0.872107 -0.150329 0 0.57279 0.167507 -0.802404 0 0.187861 -0.24071 0.683563 1 
-0.577503 -0.640283 -0.506467 0 -0.656064 0.733197 -0.178835 0 0.485855 0.229001 -0.843507 0 0.218704 -0.290438 0.749709 1 
-0.483171 -0.695162 -0.532238 0 -0.741887 0.647884 -0.172717 0 0.464904 0.311414 -0.828786 0 0.26275 -0.315744 0.74207 1 
-0.0520872 -0.923501 -0.380018 0 -0.90399 0.205302 -0.375011 0 0.424349 0.324005 -0.845546 0 0.338974 -0.31506 0.747554 1 
0.0419153 -0.834039 -0.550093 0 -0.966145 0.106431 -0.234985 0 0.254538 0.541329 -0.801357 0 0.403242 -0.377417 0.612945 1 
0.16245 -0.87266 -0.460494 0 -0.967894 -0.0502354 -0.246249 0 0.191762 0.485722 -0.85282 0 0.463387 -0.338226 0.623765 1 
0.351515 -0.782893 -0.513319 0 -0.936171 -0.294702 -0.191612 0 -0.00126503 0.547919 -0.83653 0 0.578218 -0.27255 0.504506 1 
0.370621 -0.765059 -0.526597 0 -0.92727 -0.337044 -0.162946 0 -0.0528238 0.5487 -0.834349 0 0.619028 -0.225091 0.463021 1 
0.590278 -0.703688 -0.395444 0 -0.780612 -0.622322 -0.0578037 0 -0.205422 0.342815 -0.916668 0 0.63104 -0.127918 0.466291 1 
0.67413 -0.594934 -0.437701 0 -0.651347 -0.758269 0.0274794 0 -0.348251 0.266576 -0.898698 0 0.631449 -0.0974052 0.417276 1 
0.908315 -0.0341991 -0.416863 0 -0.053308 -0.99798 -0.0342808 0 -0.414857 0.053361 -0.908321 0 0.63791 -0.000577761 0.412089 1 
0.91947 0.0593451 -0.388631 0 0.0917795 -0.993619 0.0654145 0 -0.382276 -0.0958168 -0.919067 0 0.625301 0.0445436 0.449673 1 
0.862729 0.271912 -0.426314 0 0.332651 -0.940169 0.0735247 0 -0.380823 -0.20525 -0.90158 0 0.631106 0.0800421 0.420636 1 
0.734886 0.470216 -0.488692 0 0.577291 -0.811886 0.0869289 0 -0.355894 -0.346007 -0.868112 0 0.621026 0.123374 0.422646 1 
0.607227 0.576055 -0.54719 0 0.71748 -0.693411 0.066211 0 -0.341293 -0.432812 -0.834382 0 0.601973 0.163393 0.429816 1 
0.378915 0.700309 -0.604955 0 0.90231 -0.42476 0.0734527 0 -0.205525 -0.573701 -0.79286 0 0.572903 0.228577 0.45315 1 
0.128439 0.747702 -0.65148 0 0.985411 -0.17013 -0.000985468 0 -0.111576 -0.641861 -0.75866 0 0.541445 0.279078 0.477052 1 
-0.00263236 0.689151 -0.7246 0 0.998942 0.0349301 0.0295922 0 0.0457047 -0.723769 -0.688527 0 0.479985 0.364927 0.489329 1 
-0.0743335 0.643212 -0.762059 0 0.98925 0.144006 0.025053 0 0.125858 -0.752019 -0.647014 0 0.421918 0.403139 0.501927 1 
-0.190426 0.639908 -0.744471 0 0.950467 0.309922 0.0232745 0 0.245626 -0.703176 -0.667241 0 0.338826 0.427733 0.530483 1 
-0.236925 0.666909 -0.706455 0 0.900603 0.423487 0.0977441 0 0.364368 -0.61309 -0.700969 0 0.241227 0.440186 0.586668 1 
-0.369952 0.565471 -0.737129 0 0.816816 0.575997 0.031917 0 0.442641 -0.590302 -0.67499 0 0.172805 0.387941 0.592891 1 
-0.501027 0.492324 -0.711737 0 0.684504 0.728659 0.0221734 0 0.52954 -0.476086 -0.702089 0 0.121649 0.31999 0.636875 1 
-0.651091 0.230572 -0.723116 0 0.462668 0.875821 -0.137321 0 0.60167 -0.423979 -0.676931 0 0.0461544 0.273044 0.677316 1 
-0.72242 0.0555825 -0.689202 0 0.277304 0.936372 -0.215153 0 0.633403 -0.346556 -0.691881 0 0.0104422 0.205598 0.679745 1 
-0.670327 0.134248 -0.729808 0 0.310932 0.943802 -0.111979 0 0.673774 -0.301989 -0.674411 0 0.0627539 0.17204 0.602229 1 
-0.553536 0.216683 -0.804131 0 0.479104 0.872628 -0.094658 0 0.68121 -0.437668 -0.586856 0 0.0619331 0.238597 0.552422 1 
-0.494809 0.35963 -0.791082 0 0.620811 0.783286 -0.0322211 0 0.608067 -0.507065 -0.610851 0 0.0742239 0.321955 0.556427 1 
-0.408069 0.446152 -0.796498 0 0.722322 0.69133 0.0171767 0 0.558317 -0.56833 -0.604387 0 0.102748 0.38504 0.53282 1 
-0.364656 0.444376 -0.818252 0 0.7665 0.64219 0.00716808 0 0.528669 -0.624588 -0.574803 0 0.110014 0.432881 0.520165 1 
-0.35331 0.474249 -0.806375 0 0.826945 0.561344 -0.0321826 0 0.4374 -0.678211 -0.590518 0 0.194364 0.466773 0.520068 1 
-0.27896 0.523045 -0.805348 0 0.894073 0.447494 -0.0190609 0 0.350426 -0.725371 -0.592485 0 0.268175 0.475313 0.500469 1 
-0.171601 0.570334 -0.803277 0 0.958612 0.284669 -0.00266644 0 0.227152 -0.770503 -0.59559 0 0.362393 0.450721 0.471592 1 
-0.10562 0.583058 -0.805524 0 0.982199 0.187659 0.00704725 0 0.155276 -0.790456 -0.592511 0 0.407104 0.448133 0.45301 1 
-0.0104234 0.657021 -0.753788 0 0.997954 0.0542778 0.0335102 0 0.062932 -0.75191 -0.656255 0 0.46765 0.395413 0.460584 1 
