0.99999 0.000717463 0.000520109 0 0.000717654 -0.99999 -0.000367017 0 0.00051985 0.000367394 -1 0 0.50008 0.000120311 0.700014 1 
-0.651449 -0.575153 -0.494768 0 -0.482933 0.817318 -0.314242 0 0.585131 0.034228 -0.810216 0 0.145581 -0.206241 0.790271 1 
-0.694157 -0.380457 -0.611048 0 -0.366302 0.917465 -0.155119 0 0.619643 0.116153 -0.776241 0 0.134791 -0.192575 0.701921 1 
-0.733187 -0.249005 -0.632783 0 -0.224149 0.967027 -0.120817 0 0.642015 0.0532572 -0.76484 0 0.0914801 -0.142756 0.662333 1 
-0.673842 -0.460176 -0.578063 0 -0.465305 0.872027 -0.151789 0 0.573947 0.166697 -0.801746 0 0.187729 -0.240625 0.684179 1 
-0.576836 -0.640726 -0.506666 0 -0.655757 0.733073 -0.180463 0 0.48706 0.228157 -0.84304 0 0.218507 -0.290351 0.750267 1 
-0.482455 -0.69566 -0.532236 0 -0.741648 0.647725 -0.174331 0 0.466027 0.310631 -0.828449 0 0.262574 -0.315652 0.742626 1 
-0.0516303 -0.923791 -0.379375 0 -0.903565 0.204996 -0.376202 0 0.42531 0.323373 -0.845305 0 0.33881 -0.315023 0.748019 1 
0.0427219 -0.834813 -0.548856 0 -0.965859 0.105971 -0.236363 0 0.255486 0.540226 -0.8018 0 0.403108 -0.377187 0.613785 1 
0.163365 -0.873175 -0.459194 0 -0.96749 -0.0507328 -0.247729 0 0.193019 0.484745 -0.853092 0 0.463277 -0.337911 0.624654 1 
0.352611 -0.783348 -0.511871 0 -0.93576 -0.294984 -0.193183 0 0.000335919 0.547117 -0.837056 0 0.578163 -0.272351 0.50561 1 
0.371822 -0.765395 -0.525262 0 -0.926886 -0.337257 -0.164683 0 -0.0511014 0.548102 -0.834849 0 0.61904 -0.224913 0.464175 1 
0.591273 -0.703715 -0.393906 0 -0.78037 -0.622483 -0.0593058 0 -0.203469 0.342465 -0.917234 0 0.631001 -0.12777 0.467422 1 
0.675115 -0.594977 -0.436122 0 -0.651316 -0.758337 0.0263222 0 -0.346395 0.266288 -0.899501 0 0.631476 -0.0973332 0.418342 1 
0.909108 -0.0340748 -0.41514 0 -0.0531701 -0.997979 -0.0345219 0 -0.413133 0.0534582 -0.9091 0 0.637909 -0.000503093 0.413068 1 
0.920231 0.0595344 -0.386797 0 0.091728 -0.993631 0.0652943 0 -0.380454 -0.0955678 -0.919849 0 0.625232 0.044597 0.450671 1 
0.863525 0.27219 -0.42452 0 0.332597 -0.940172 0.0737308 0 -0.37906 -0.204866 -0.90241 0 0.631096 0.0800907 0.421628 1 
0.735747 0.470512 -0.487109 0 0.577169 -0.811908 0.0875333 0 -0.354309 -0.345553 -0.868941 0 0.620999 0.123388 0.423612 1 
0.608149 0.576394 -0.545807 0 0.717364 -0.693457 0.066983 0 -0.339892 -0.432286 -0.835226 0 0.601936 0.163377 0.43073 1 
0.379875 0.700799 -0.603786 0 0.902183 -0.424848 0.0745027 0 -0.20431 -0.573038 -0.793653 0 0.572838 0.228546 0.454051 1 
0.129474 0.748369 -0.650509 0 0.9854 -0.1702 0.00032439 0 -0.110476 -0.641065 -0.759494 0 0.541348 0.279004 0.477976 1 
-0.00166941 0.690087 -0.723712 0 0.998906 0.0348262 0.0309039 0 0.0465314 -0.722882 -0.689403 0 0.479905 0.364821 0.490214 1 
-0.0734321 0.644299 -0.761228 0 0.989235 0.143877 0.0263499 0 0.126503 -0.751113 -0.64794 0 0.421844 0.403011 0.502783 1 
-0.189591 0.640997 -0.743747 0 0.95046 0.30983 0.024741 0 0.246299 -0.702224 -0.667995 0 0.338772 0.427617 0.531291 1 
-0.236359 0.667957 -0.705655 0 0.900515 0.423356 0.0991107 0 0.364952 -0.612039 -0.701583 0 0.241148 0.440054 0.58736 1 
-0.369435 0.566461 -0.736627 0 0.81673 0.576038 0.0333604 0 0.443231 -0.589313 -0.675468 0 0.172718 0.387865 0.593505 1 
-0.500576 0.493188 -0.711456 0 0.684386 0.728724 0.0236289 0 0.530119 -0.475092 -0.702326 0 0.121573 0.319889 0.637406 1 
-0.650553 0.231327 -0.72336 0 0.462669 0.876034 -0.135949 0 0.602251 -0.423126 -0.676947 0 0.0461028 0.272986 0.677709 1 
-0.72183 0.0563599 -0.689758 0 0.277338 0.936695 -0.213696 0 0.634061 -0.345555 -0.691779 0 0.0103962 0.205562 0.680131 1 
-0.669763 0.134691 -0.730244 0 0.310698 0.944013 -0.110845 0 0.674443 -0.301131 -0.674127 0 0.0626354 0.172026 0.602669 1 
-0.553013 0.216912 -0.804429 0 0.478796 0.872892 -0.0937808 0 0.681851 -0.437028 -0.586588 0 0.0618243 0.238642 0.552823 1 
-0.494407 0.359894 -0.791214 0 0.620594 0.783491 -0.0314105 0 0.608616 -0.506561 -0.610723 0 0.0741892 0.321957 0.556816 1 
-0.407694 0.446474 -0.796509 0 0.722144 0.691495 0.0179794 0 0.55882 -0.567876 -0.604349 0 0.102747 0.385016 0.533248 1 
-0.364281 0.444819 -0.818178 0 0.76636 0.642346 0.0080143 0 0.529129 -0.624112 -0.574897 0 0.110036 0.432823 0.520645 1 
-0.352833 0.474791 -0.806265 0 0.826921 0.561432 -0.0312578 0 0.43783 -0.677759 -0.590718 0 0.194422 0.466644 0.520631 1 
-0.27836 0.523592 -0.805201 0 0.89409 0.447501 -0.0180966 0 0.350859 -0.724973 -0.592716 0 0.268227 0.47515 0.501083 1 
-0.170867 0.570875 -0.803049 0 0.958628 0.284624 -0.00163478 0 0.227638 -0.770119 -0.595901 0 0.362431 0.450545 0.472285 1 
-0.104878 0.583622 -0.805212 0 0.982192 0.187655 0.00808364 0 0.155823 -0.79004 -0.592921 0 0.407111 0.447981 0.453748 1 
-0.00969707 0.657425 -0.753445 0 0.99792 0.0542667 0.0345074 0 0.0635742 -0.751558 -0.656597 0 0.467637 0.395268 0.461282 1 
