{
  "frames": [
    {
      "file_path": "./images/robot/000000-color.png",
      "sharpness": 1014.7752234763147,
      "transform_matrix": [
        [
          0.9052626932819446,
          0.41422397505904174,
          0.09443492315217789,
          0.4889635490753941
        ],
        [
          -0.4146850927936433,
          0.9098309531554785,
          -0.015617634110357081,
          -0.07059537105399934
        ],
        [
          -0.09238901462492,
          -0.025022693352887627,
          0.995408526619518,
          3.8457233156842014
        ],
        [
          0.0,
          0.0,
          0.0,
          1.0
        ]
      ],
      "w": 640.0,
      "h": 480.0,
      "fl_x": 608.562030830161,
      "fl_y": 608.5331075830826,
      "k1": 0.13988932934004733,
      "k2": -0.30767041035500986,
      "k3": 0,
      "k4": 0,
      "p1": -0.00020454452767109955,
      "p2": -0.00042662455043181386,
      "cx": 321.3254292697266,
      "cy": 243.76173751078295,
      "is_fisheye": false,
      "camera_angle_x": 0.9681944369000475,
      "camera_angle_y": 0.7513234541966833,
      "fovx": 55.47345498241801,
      "fovy": 43.047662974660575
    },
    {
      "file_path": "./images/robot/000001-color.png",
      "sharpness": 1096.7109838091426,
      "transform_matrix": [
        [
          -0.9088006209357261,
          0.3110674740146904,
          0.2780619680386188,
          0.7304774131092376
        ],
        [
          -0.10577045906514866,
          -0.8164415471599371,
          0.567658180651455,
          2.8352568443169637
        ],
        [
          0.40360133975081003,
          0.48647736504728356,
          0.7748843345434461,
          4.00451159714694
        ],
        [
          0.0,
          0.0,
          0.0,
          1.0
        ]
      ],
      "w": 640.0,
      "h": 480.0,
      "fl_x": 608.562030830161,
      "fl_y": 608.5331075830826,
      "k1": 0.13988932934004733,
      "k2": -0.30767041035500986,
      "k3": 0,
      "k4": 0,
      "p1": -0.00020454452767109955,
      "p2": -0.00042662455043181386,
      "cx": 321.3254292697266,
      "cy": 243.76173751078295,
      "is_fisheye": false,
      "camera_angle_x": 0.9681944369000475,
      "camera_angle_y": 0.7513234541966833,
      "fovx": 55.47345498241801,
      "fovy": 43.047662974660575
    },
    {
      "file_path": "./images/realsense/846112073799.png",
      "sharpness": 981.3398947141861,
      "transform_matrix": [
        [
          -0.4388389629689563,
          0.837440931143957,
          -0.32574998311223924,
          -1.9176725178835488
        ],
        [
          -0.8942944314993241,
          -0.3717377875962859,
          0.24909533729598837,
          1.0316484449740606
        ],
        [
          0.08750905317709928,
          0.40062913545764894,
          0.9120517866367788,
          4.511269225868748
        ],
        [
          0.0,
          0.0,
          0.0,
          1.0
        ]
      ],
      "w": 640.0,
      "h": 480.0,
      "fl_x": 603.464681591248,
      "fl_y": 602.867319592867,
      "k1": 0.12896650307015176,
      "k2": -0.2508785940618349,
      "k3": 0,
      "k4": 0,
      "p1": -0.0020447505577008535,
      "p2": -0.0018532628694871657,
      "cx": 318.84492798218935,
      "cy": 239.21314824403373,
      "is_fisheye": false,
      "camera_angle_x": 0.9751407167231814,
      "camera_angle_y": 0.7577305094399892,
      "fovx": 55.871447499600464,
      "fovy": 43.41476019920917
    },
    {
      "file_path": "./images/robot/000005-color.png",
      "sharpness": 1193.7065022760921,
      "transform_matrix": [
        [
          -0.9145640655729853,
          0.39955503525519614,
          0.06267650147689918,
          0.05940942029499299
        ],
        [
          -0.2994687446338183,
          -0.7731661086041723,
          0.5590461872632807,
          2.6834839522760525
        ],
        [
          0.27182906580908095,
          0.49251390065125533,
          0.82676418446827,
          3.8958206830154003
        ],
        [
          0.0,
          0.0,
          0.0,
          1.0
        ]
      ],
      "w": 640.0,
      "h": 480.0,
      "fl_x": 608.562030830161,
      "fl_y": 608.5331075830826,
      "k1": 0.13988932934004733,
      "k2": -0.30767041035500986,
      "k3": 0,
      "k4": 0,
      "p1": -0.00020454452767109955,
      "p2": -0.00042662455043181386,
      "cx": 321.3254292697266,
      "cy": 243.76173751078295,
      "is_fisheye": false,
      "camera_angle_x": 0.9681944369000475,
      "camera_angle_y": 0.7513234541966833,
      "fovx": 55.47345498241801,
      "fovy": 43.047662974660575
    },
    {
      "file_path": "./images/robot/000006-color.png",
      "sharpness": 1207.2661684434577,
      "transform_matrix": [
        [
          -0.8721538757095179,
          0.4886934902041475,
          -0.02294100672392576,
          -0.22690172218920762
        ],
        [
          -0.411346148908021,
          -0.7071159030565497,
          0.5751360234095447,
          2.5244859824278967
        ],
        [
          0.2648432799355293,
          0.5110438066447544,
          0.8177360606185016,
          3.879700754694402
        ],
        [
          0.0,
          0.0,
          0.0,
          1.0
        ]
      ],
      "w": 640.0,
      "h": 480.0,
      "fl_x": 608.562030830161,
      "fl_y": 608.5331075830826,
      "k1": 0.13988932934004733,
      "k2": -0.30767041035500986,
      "k3": 0,
      "k4": 0,
      "p1": -0.00020454452767109955,
      "p2": -0.00042662455043181386,
      "cx": 321.3254292697266,
      "cy": 243.76173751078295,
      "is_fisheye": false,
      "camera_angle_x": 0.9681944369000475,
      "camera_angle_y": 0.7513234541966833,
      "fovx": 55.47345498241801,
      "fovy": 43.047662974660575
    },
    {
      "file_path": "./images/realsense/801212071244.png",
      "sharpness": 1141.1945599716078,
      "transform_matrix": [
        [
          0.4076710815594014,
          -0.6881777505162847,
          0.6001797006123131,
          2.820021023637244
        ],
        [
          0.9092531157800899,
          0.36643062541074534,
          -0.19745219220249946,
          -2.0927334578535466
        ],
        [
          -0.08404201758977864,
          0.626210811561175,
          0.7751109332451517,
          4.499187121698602
        ],
        [
          0.0,
          0.0,
          0.0,
          1.0
        ]
      ],
      "w": 640.0,
      "h": 480.0,
      "fl_x": 603.464681591248,
      "fl_y": 602.867319592867,
      "k1": 0.12896650307015176,
      "k2": -0.2508785940618349,
      "k3": 0,
      "k4": 0,
      "p1": -0.0020447505577008535,
      "p2": -0.0018532628694871657,
      "cx": 318.84492798218935,
      "cy": 239.21314824403373,
      "is_fisheye": false,
      "camera_angle_x": 0.9751407167231814,
      "camera_angle_y": 0.7577305094399892,
      "fovx": 55.871447499600464,
      "fovy": 43.41476019920917
    },
    {
      "file_path": "./images/robot/000007-color.png",
      "sharpness": 1249.2406752774452,
      "transform_matrix": [
        [
          -0.5176183326747237,
          0.8539900247934434,
          -0.05265262866071943,
          -0.6026108407134334
        ],
        [
          -0.7331583924006998,
          -0.4109737344893656,
          0.541829642242439,
          2.091918860852652
        ],
        [
          0.44107826218106555,
          0.3190636725958378,
          0.8388374929232855,
          3.978692709722767
        ],
        [
          0.0,
          0.0,
          0.0,
          1.0
        ]
      ],
      "w": 640.0,
      "h": 480.0,
      "fl_x": 608.562030830161,
      "fl_y": 608.5331075830826,
      "k1": 0.13988932934004733,
      "k2": -0.30767041035500986,
      "k3": 0,
      "k4": 0,
      "p1": -0.00020454452767109955,
      "p2": -0.00042662455043181386,
      "cx": 321.3254292697266,
      "cy": 243.76173751078295,
      "is_fisheye": false,
      "camera_angle_x": 0.9681944369000475,
      "camera_angle_y": 0.7513234541966833,
      "fovx": 55.47345498241801,
      "fovy": 43.047662974660575
    },
    {
      "file_path": "./images/robot/000004-color.png",
      "sharpness": 1216.8348239739314,
      "transform_matrix": [
        [
          -0.9670524094218178,
          0.20450296110451935,
          0.1516185226266621,
          0.4320161579340464
        ],
        [
          -0.07040211317503192,
          -0.7871732666659684,
          0.6127004086070142,
          2.683662987090347
        ],
        [
          0.24464909557318118,
          0.5818391420077521,
          0.7756352447740776,
          3.459982784439387
        ],
        [
          0.0,
          0.0,
          0.0,
          1.0
        ]
      ],
      "w": 640.0,
      "h": 480.0,
      "fl_x": 608.562030830161,
      "fl_y": 608.5331075830826,
      "k1": 0.13988932934004733,
      "k2": -0.30767041035500986,
      "k3": 0,
      "k4": 0,
      "p1": -0.00020454452767109955,
      "p2": -0.00042662455043181386,
      "cx": 321.3254292697266,
      "cy": 243.76173751078295,
      "is_fisheye": false,
      "camera_angle_x": 0.9681944369000475,
      "camera_angle_y": 0.7513234541966833,
      "fovx": 55.47345498241801,
      "fovy": 43.047662974660575
    },
    {
      "file_path": "./images/robot/000002-color.png",
      "sharpness": 1139.9468287434468,
      "transform_matrix": [
        [
          -0.9681109716970561,
          0.128520192439857,
          0.21504349952405816,
          0.835536520884092
        ],
        [
          0.03772100440044625,
          -0.773815877932894,
          0.6322864168130202,
          2.8165173849010947
        ],
        [
          0.24766564634388796,
          0.6202350741635384,
          0.744291730755656,
          3.4904951424994795
        ],
        [
          0.0,
          0.0,
          0.0,
          1.0
        ]
      ],
      "w": 640.0,
      "h": 480.0,
      "fl_x": 608.562030830161,
      "fl_y": 608.5331075830826,
      "k1": 0.13988932934004733,
      "k2": -0.30767041035500986,
      "k3": 0,
      "k4": 0,
      "p1": -0.00020454452767109955,
      "p2": -0.00042662455043181386,
      "cx": 321.3254292697266,
      "cy": 243.76173751078295,
      "is_fisheye": false,
      "camera_angle_x": 0.9681944369000475,
      "camera_angle_y": 0.7513234541966833,
      "fovx": 55.47345498241801,
      "fovy": 43.047662974660575
    },
    {
      "file_path": "./images/robot/000003-color.png",
      "sharpness": 1143.8863834194185,
      "transform_matrix": [
        [
          -0.959313740453923,
          -0.003131296954053732,
          0.282324888077973,
          1.2135551662090376
        ],
        [
          0.1874897218793043,
          -0.7547060618892769,
          0.6287021268752667,
          2.8727492370772905
        ],
        [
          0.21110365139976625,
          0.6560556037093941,
          0.7245869811692895,
          3.229226643215856
        ],
        [
          0.0,
          0.0,
          0.0,
          1.0
        ]
      ],
      "w": 640.0,
      "h": 480.0,
      "fl_x": 608.562030830161,
      "fl_y": 608.5331075830826,
      "k1": 0.13988932934004733,
      "k2": -0.30767041035500986,
      "k3": 0,
      "k4": 0,
      "p1": -0.00020454452767109955,
      "p2": -0.00042662455043181386,
      "cx": 321.3254292697266,
      "cy": 243.76173751078295,
      "is_fisheye": false,
      "camera_angle_x": 0.9681944369000475,
      "camera_angle_y": 0.7513234541966833,
      "fovx": 55.47345498241801,
      "fovy": 43.047662974660575
    },
    {
      "file_path": "./images/robot/000009-color.png",
      "sharpness": 1380.475916772461,
      "transform_matrix": [
        [
          -0.32454946439901833,
          0.8993039396437058,
          -0.2931212537025749,
          -1.1635852649751206
        ],
        [
          -0.8999090725336093,
          -0.19815320308748874,
          0.38845716530674096,
          1.4375821604445096
        ],
        [
          0.2912581438289929,
          0.3898560405016385,
          0.8736022901815849,
          3.378997441450254
        ],
        [
          0.0,
          0.0,
          0.0,
          1.0
        ]
      ],
      "w": 640.0,
      "h": 480.0,
      "fl_x": 608.562030830161,
      "fl_y": 608.5331075830826,
      "k1": 0.13988932934004733,
      "k2": -0.30767041035500986,
      "k3": 0,
      "k4": 0,
      "p1": -0.00020454452767109955,
      "p2": -0.00042662455043181386,
      "cx": 321.3254292697266,
      "cy": 243.76173751078295,
      "is_fisheye": false,
      "camera_angle_x": 0.9681944369000475,
      "camera_angle_y": 0.7513234541966833,
      "fovx": 55.47345498241801,
      "fovy": 43.047662974660575
    },
    {
      "file_path": "./images/realsense/f1150952.png",
      "sharpness": 1336.1734608872732,
      "transform_matrix": [
        [
          0.8984872085944114,
          0.40678983019246917,
          -0.16505384005456175,
          -0.8204487526698024
        ],
        [
          -0.42853604117097926,
          0.7311213099017068,
          -0.5308657943636996,
          -3.6826163696952037
        ],
        [
          -0.09527642659920194,
          0.5477076449131448,
          0.8312272482967694,
          4.505336065750782
        ],
        [
          0.0,
          0.0,
          0.0,
          1.0
        ]
      ],
      "w": 640.0,
      "h": 480.0,
      "fl_x": 603.464681591248,
      "fl_y": 602.867319592867,
      "k1": 0.12896650307015176,
      "k2": -0.2508785940618349,
      "k3": 0,
      "k4": 0,
      "p1": -0.0020447505577008535,
      "p2": -0.0018532628694871657,
      "cx": 318.84492798218935,
      "cy": 239.21314824403373,
      "is_fisheye": false,
      "camera_angle_x": 0.9751407167231814,
      "camera_angle_y": 0.7577305094399892,
      "fovx": 55.871447499600464,
      "fovy": 43.41476019920917
    },
    {
      "file_path": "./images/robot/000012-color.png",
      "sharpness": 1049.865985614522,
      "transform_matrix": [
        [
          0.24759111295623104,
          0.914872712535546,
          -0.3189146605527837,
          -0.718234001479288
        ],
        [
          -0.9681089916458951,
          0.24660885409073224,
          -0.044148084655024664,
          -0.10257779418753127
        ],
        [
          0.03825730103006556,
          0.3196748238634726,
          0.9467546598663185,
          2.547807107329315
        ],
        [
          0.0,
          0.0,
          0.0,
          1.0
        ]
      ],
      "w": 640.0,
      "h": 480.0,
      "fl_x": 608.562030830161,
      "fl_y": 608.5331075830826,
      "k1": 0.13988932934004733,
      "k2": -0.30767041035500986,
      "k3": 0,
      "k4": 0,
      "p1": -0.00020454452767109955,
      "p2": -0.00042662455043181386,
      "cx": 321.3254292697266,
      "cy": 243.76173751078295,
      "is_fisheye": false,
      "camera_angle_x": 0.9681944369000475,
      "camera_angle_y": 0.7513234541966833,
      "fovx": 55.47345498241801,
      "fovy": 43.047662974660575
    },
    {
      "file_path": "./images/robot/000008-color.png",
      "sharpness": 1338.6259420874283,
      "transform_matrix": [
        [
          -0.46691150773383766,
          0.8238489889984396,
          -0.32135103445377483,
          -1.1766787202880444
        ],
        [
          -0.8326049300165868,
          -0.28712931146546083,
          0.4736304350543001,
          1.8587021799964403
        ],
        [
          0.2979306538169506,
          0.4887019560919819,
          0.8200047095602016,
          3.2794357449498137
        ],
        [
          0.0,
          0.0,
          0.0,
          1.0
        ]
      ],
      "w": 640.0,
      "h": 480.0,
      "fl_x": 608.562030830161,
      "fl_y": 608.5331075830826,
      "k1": 0.13988932934004733,
      "k2": -0.30767041035500986,
      "k3": 0,
      "k4": 0,
      "p1": -0.00020454452767109955,
      "p2": -0.00042662455043181386,
      "cx": 321.3254292697266,
      "cy": 243.76173751078295,
      "is_fisheye": false,
      "camera_angle_x": 0.9681944369000475,
      "camera_angle_y": 0.7513234541966833,
      "fovx": 55.47345498241801,
      "fovy": 43.047662974660575
    },
    {
      "file_path": "./images/robot/000010-color.png",
      "sharpness": 1326.3569700931864,
      "transform_matrix": [
        [
          -0.09506528821982661,
          0.8980832237121597,
          -0.4294288233630917,
          -1.236104886406522
        ],
        [
          -0.9728567563312982,
          0.007610284175061417,
          0.23128297653654817,
          0.6206886397557094
        ],
        [
          0.21097943653644224,
          0.43975971499696886,
          0.8729828580776293,
          2.730970695657118
        ],
        [
          0.0,
          0.0,
          0.0,
          1.0
        ]
      ],
      "w": 640.0,
      "h": 480.0,
      "fl_x": 608.562030830161,
      "fl_y": 608.5331075830826,
      "k1": 0.13988932934004733,
      "k2": -0.30767041035500986,
      "k3": 0,
      "k4": 0,
      "p1": -0.00020454452767109955,
      "p2": -0.00042662455043181386,
      "cx": 321.3254292697266,
      "cy": 243.76173751078295,
      "is_fisheye": false,
      "camera_angle_x": 0.9681944369000475,
      "camera_angle_y": 0.7513234541966833,
      "fovx": 55.47345498241801,
      "fovy": 43.047662974660575
    },
    {
      "file_path": "./images/robot/000011-color.png",
      "sharpness": 1192.4194262761437,
      "transform_matrix": [
        [
          -0.05662456965558343,
          0.8905589992052325,
          -0.4513295105778544,
          -1.1288635052035068
        ],
        [
          -0.9826571884429136,
          0.03023720969002689,
          0.18294961369708457,
          0.2934897893365566
        ],
        [
          0.17657436992969933,
          0.453861631070004,
          0.8734020333152662,
          2.4938124675021625
        ],
        [
          0.0,
          0.0,
          0.0,
          1.0
        ]
      ],
      "w": 640.0,
      "h": 480.0,
      "fl_x": 608.562030830161,
      "fl_y": 608.5331075830826,
      "k1": 0.13988932934004733,
      "k2": -0.30767041035500986,
      "k3": 0,
      "k4": 0,
      "p1": -0.00020454452767109955,
      "p2": -0.00042662455043181386,
      "cx": 321.3254292697266,
      "cy": 243.76173751078295,
      "is_fisheye": false,
      "camera_angle_x": 0.9681944369000475,
      "camera_angle_y": 0.7513234541966833,
      "fovx": 55.47345498241801,
      "fovy": 43.047662974660575
    },
    {
      "file_path": "./images/robot/000014-color.png",
      "sharpness": 805.057513905324,
      "transform_matrix": [
        [
          0.8840012460593679,
          0.44738408770878463,
          -0.1356070614054226,
          -0.04798329139846893
        ],
        [
          -0.46420335140139934,
          0.8057456736805642,
          -0.36781674498729133,
          -0.7809907152264993
        ],
        [
          -0.055290555852200156,
          0.38809971326835946,
          0.91995737241864,
          2.1721270741761463
        ],
        [
          0.0,
          0.0,
          0.0,
          1.0
        ]
      ],
      "w": 640.0,
      "h": 480.0,
      "fl_x": 608.562030830161,
      "fl_y": 608.5331075830826,
      "k1": 0.13988932934004733,
      "k2": -0.30767041035500986,
      "k3": 0,
      "k4": 0,
      "p1": -0.00020454452767109955,
      "p2": -0.00042662455043181386,
      "cx": 321.3254292697266,
      "cy": 243.76173751078295,
      "is_fisheye": false,
      "camera_angle_x": 0.9681944369000475,
      "camera_angle_y": 0.7513234541966833,
      "fovx": 55.47345498241801,
      "fovy": 43.047662974660575
    },
    {
      "file_path": "./images/robot/000013-color.png",
      "sharpness": 862.9735558509722,
      "transform_matrix": [
        [
          0.41433220382446345,
          0.8557192663239619,
          -0.30995703281019044,
          -0.6058604089610288
        ],
        [
          -0.9078003783163717,
          0.36423916451597343,
          -0.2079141749896933,
          -0.25766846636693763
        ],
        [
          -0.0650176746138983,
          0.36752464997673395,
          0.9277382894545833,
          2.264439197461572
        ],
        [
          0.0,
          0.0,
          0.0,
          1.0
        ]
      ],
      "w": 640.0,
      "h": 480.0,
      "fl_x": 608.562030830161,
      "fl_y": 608.5331075830826,
      "k1": 0.13988932934004733,
      "k2": -0.30767041035500986,
      "k3": 0,
      "k4": 0,
      "p1": -0.00020454452767109955,
      "p2": -0.00042662455043181386,
      "cx": 321.3254292697266,
      "cy": 243.76173751078295,
      "is_fisheye": false,
      "camera_angle_x": 0.9681944369000475,
      "camera_angle_y": 0.7513234541966833,
      "fovx": 55.47345498241801,
      "fovy": 43.047662974660575
    },
    {
      "file_path": "./images/robot/000022-color.png",
      "sharpness": 962.2671804192439,
      "transform_matrix": [
        [
          0.2875133130229096,
          -0.5067006987080513,
          0.8127671848911683,
          3.0808214395428872
        ],
        [
          0.9565756493384472,
          0.19439821793688777,
          -0.21719198870118303,
          -0.6249566721353317
        ],
        [
          -0.04794915991174348,
          0.8399188858817626,
          0.5405896255716832,
          2.1207230430022017
        ],
        [
          0.0,
          0.0,
          0.0,
          1.0
        ]
      ],
      "w": 640.0,
      "h": 480.0,
      "fl_x": 608.562030830161,
      "fl_y": 608.5331075830826,
      "k1": 0.13988932934004733,
      "k2": -0.30767041035500986,
      "k3": 0,
      "k4": 0,
      "p1": -0.00020454452767109955,
      "p2": -0.00042662455043181386,
      "cx": 321.3254292697266,
      "cy": 243.76173751078295,
      "is_fisheye": false,
      "camera_angle_x": 0.9681944369000475,
      "camera_angle_y": 0.7513234541966833,
      "fovx": 55.47345498241801,
      "fovy": 43.047662974660575
    },
    {
      "file_path": "./images/robot/000015-color.png",
      "sharpness": 790.0371271423338,
      "transform_matrix": [
        [
          0.9296450725035443,
          0.368198219936352,
          0.013788041127471694,
          0.26431045271717357
        ],
        [
          -0.3317558570979064,
          0.8527416205487274,
          -0.4034473693871952,
          -0.8672034968409471
        ],
        [
          -0.16030623978160197,
          0.370488595563378,
          0.9148989616987195,
          2.3693078318855783
        ],
        [
          0.0,
          0.0,
          0.0,
          1.0
        ]
      ],
      "w": 640.0,
      "h": 480.0,
      "fl_x": 608.562030830161,
      "fl_y": 608.5331075830826,
      "k1": 0.13988932934004733,
      "k2": -0.30767041035500986,
      "k3": 0,
      "k4": 0,
      "p1": -0.00020454452767109955,
      "p2": -0.00042662455043181386,
      "cx": 321.3254292697266,
      "cy": 243.76173751078295,
      "is_fisheye": false,
      "camera_angle_x": 0.9681944369000475,
      "camera_angle_y": 0.7513234541966833,
      "fovx": 55.47345498241801,
      "fovy": 43.047662974660575
    },
    {
      "file_path": "./images/robot/000016-color.png",
      "sharpness": 768.1286145497533,
      "transform_matrix": [
        [
          0.9804618871884347,
          0.16003897933423836,
          0.11437662758229374,
          0.4930102737309207
        ],
        [
          -0.09265656120418195,
          0.8886430920435164,
          -0.44914164428322295,
          -1.0392610008759458
        ],
        [
          -0.1735201703198277,
          0.4297685191749394,
          0.8861093445456907,
          2.1683224589255725
        ],
        [
          0.0,
          0.0,
          0.0,
          1.0
        ]
      ],
      "w": 640.0,
      "h": 480.0,
      "fl_x": 608.562030830161,
      "fl_y": 608.5331075830826,
      "k1": 0.13988932934004733,
      "k2": -0.30767041035500986,
      "k3": 0,
      "k4": 0,
      "p1": -0.00020454452767109955,
      "p2": -0.00042662455043181386,
      "cx": 321.3254292697266,
      "cy": 243.76173751078295,
      "is_fisheye": false,
      "camera_angle_x": 0.9681944369000475,
      "camera_angle_y": 0.7513234541966833,
      "fovx": 55.47345498241801,
      "fovy": 43.047662974660575
    },
    {
      "file_path": "./images/robot/000021-color.png",
      "sharpness": 1071.3098088866236,
      "transform_matrix": [
        [
          0.38874193277411717,
          -0.5262890297133933,
          0.7562404161236892,
          2.7347597688830634
        ],
        [
          0.919169992434964,
          0.2779188321758908,
          -0.27908358556063734,
          -0.8605344968461767
        ],
        [
          -0.06329482383966276,
          0.8036049900237981,
          0.5917877874346456,
          2.120389647342043
        ],
        [
          0.0,
          0.0,
          0.0,
          1.0
        ]
      ],
      "w": 640.0,
      "h": 480.0,
      "fl_x": 608.562030830161,
      "fl_y": 608.5331075830826,
      "k1": 0.13988932934004733,
      "k2": -0.30767041035500986,
      "k3": 0,
      "k4": 0,
      "p1": -0.00020454452767109955,
      "p2": -0.00042662455043181386,
      "cx": 321.3254292697266,
      "cy": 243.76173751078295,
      "is_fisheye": false,
      "camera_angle_x": 0.9681944369000475,
      "camera_angle_y": 0.7513234541966833,
      "fovx": 55.47345498241801,
      "fovy": 43.047662974660575
    },
    {
      "file_path": "./images/robot/000020-color.png",
      "sharpness": 942.3817389610184,
      "transform_matrix": [
        [
          0.5697386782184931,
          -0.5380265922754992,
          0.6212288021484597,
          2.118938287433742
        ],
        [
          0.8201345448043653,
          0.4206966591148466,
          -0.38780620086381773,
          -1.0211201319951873
        ],
        [
          -0.05269883289570741,
          0.7304393931544749,
          0.6809413528435387,
          2.162767249277136
        ],
        [
          0.0,
          0.0,
          0.0,
          1.0
        ]
      ],
      "w": 640.0,
      "h": 480.0,
      "fl_x": 608.562030830161,
      "fl_y": 608.5331075830826,
      "k1": 0.13988932934004733,
      "k2": -0.30767041035500986,
      "k3": 0,
      "k4": 0,
      "p1": -0.00020454452767109955,
      "p2": -0.00042662455043181386,
      "cx": 321.3254292697266,
      "cy": 243.76173751078295,
      "is_fisheye": false,
      "camera_angle_x": 0.9681944369000475,
      "camera_angle_y": 0.7513234541966833,
      "fovx": 55.47345498241801,
      "fovy": 43.047662974660575
    },
    {
      "file_path": "./images/robot/000019-color.png",
      "sharpness": 972.9557478667256,
      "transform_matrix": [
        [
          0.7555646320083113,
          -0.39912871295443303,
          0.5194404272157055,
          1.6825021439083723
        ],
        [
          0.6382713037332399,
          0.6269925644229192,
          -0.4466431091927047,
          -1.1189434833303542
        ],
        [
          -0.14741719620286128,
          0.6690116551269534,
          0.7284858101849464,
          2.122010544101859
        ],
        [
          0.0,
          0.0,
          0.0,
          1.0
        ]
      ],
      "w": 640.0,
      "h": 480.0,
      "fl_x": 608.562030830161,
      "fl_y": 608.5331075830826,
      "k1": 0.13988932934004733,
      "k2": -0.30767041035500986,
      "k3": 0,
      "k4": 0,
      "p1": -0.00020454452767109955,
      "p2": -0.00042662455043181386,
      "cx": 321.3254292697266,
      "cy": 243.76173751078295,
      "is_fisheye": false,
      "camera_angle_x": 0.9681944369000475,
      "camera_angle_y": 0.7513234541966833,
      "fovx": 55.47345498241801,
      "fovy": 43.047662974660575
    },
    {
      "file_path": "./images/robot/000018-color.png",
      "sharpness": 823.647189999803,
      "transform_matrix": [
        [
          0.9201924223952392,
          -0.2026100076431993,
          0.3349553561920691,
          1.151523641681175
        ],
        [
          0.3578715257424364,
          0.7821845746155877,
          -0.5100149628162857,
          -1.132685678001909
        ],
        [
          -0.15866277728395292,
          0.5891828884677929,
          0.7922686710416657,
          2.0843303515725933
        ],
        [
          0.0,
          0.0,
          0.0,
          1.0
        ]
      ],
      "w": 640.0,
      "h": 480.0,
      "fl_x": 608.562030830161,
      "fl_y": 608.5331075830826,
      "k1": 0.13988932934004733,
      "k2": -0.30767041035500986,
      "k3": 0,
      "k4": 0,
      "p1": -0.00020454452767109955,
      "p2": -0.00042662455043181386,
      "cx": 321.3254292697266,
      "cy": 243.76173751078295,
      "is_fisheye": false,
      "camera_angle_x": 0.9681944369000475,
      "camera_angle_y": 0.7513234541966833,
      "fovx": 55.47345498241801,
      "fovy": 43.047662974660575
    },
    {
      "file_path": "./images/robot/000023-color.png",
      "sharpness": 1152.3232720061835,
      "transform_matrix": [
        [
          0.12158232057406217,
          -0.5512671211533847,
          0.825422498198127,
          3.453117376060648
        ],
        [
          0.9922150626644218,
          0.09009024218212935,
          -0.08598265921502403,
          -0.2106929049424678
        ],
        [
          -0.026963099750668684,
          0.8294506070107696,
          0.5579289218656235,
          2.2384214622774627
        ],
        [
          0.0,
          0.0,
          0.0,
          1.0
        ]
      ],
      "w": 640.0,
      "h": 480.0,
      "fl_x": 608.562030830161,
      "fl_y": 608.5331075830826,
      "k1": 0.13988932934004733,
      "k2": -0.30767041035500986,
      "k3": 0,
      "k4": 0,
      "p1": -0.00020454452767109955,
      "p2": -0.00042662455043181386,
      "cx": 321.3254292697266,
      "cy": 243.76173751078295,
      "is_fisheye": false,
      "camera_angle_x": 0.9681944369000475,
      "camera_angle_y": 0.7513234541966833,
      "fovx": 55.47345498241801,
      "fovy": 43.047662974660575
    },
    {
      "file_path": "./images/robot/000027-color.png",
      "sharpness": 945.3419661763087,
      "transform_matrix": [
        [
          -0.565935586874705,
          -0.3844347566325402,
          0.7293331402549966,
          3.488113838170849
        ],
        [
          0.7943769076730539,
          -0.4910122099178751,
          0.3575924191976742,
          1.9169146055813235
        ],
        [
          0.22064052231505032,
          0.7817396802398231,
          0.5832673763583188,
          2.9864418851742
        ],
        [
          0.0,
          0.0,
          0.0,
          1.0
        ]
      ],
      "w": 640.0,
      "h": 480.0,
      "fl_x": 608.562030830161,
      "fl_y": 608.5331075830826,
      "k1": 0.13988932934004733,
      "k2": -0.30767041035500986,
      "k3": 0,
      "k4": 0,
      "p1": -0.00020454452767109955,
      "p2": -0.00042662455043181386,
      "cx": 321.3254292697266,
      "cy": 243.76173751078295,
      "is_fisheye": false,
      "camera_angle_x": 0.9681944369000475,
      "camera_angle_y": 0.7513234541966833,
      "fovx": 55.47345498241801,
      "fovy": 43.047662974660575
    },
    {
      "file_path": "./images/robot/000028-color.png",
      "sharpness": 988.6113221801653,
      "transform_matrix": [
        [
          -0.6908943986740335,
          -0.26547346659549614,
          0.6724498259998042,
          3.2079407946929495
        ],
        [
          0.652074130883427,
          -0.6304871285087856,
          0.4210526197729367,
          2.3342203533172152
        ],
        [
          0.31219266127061224,
          0.7293900323996838,
          0.6087084055256643,
          3.0321617496695
        ],
        [
          0.0,
          0.0,
          0.0,
          1.0
        ]
      ],
      "w": 640.0,
      "h": 480.0,
      "fl_x": 608.562030830161,
      "fl_y": 608.5331075830826,
      "k1": 0.13988932934004733,
      "k2": -0.30767041035500986,
      "k3": 0,
      "k4": 0,
      "p1": -0.00020454452767109955,
      "p2": -0.00042662455043181386,
      "cx": 321.3254292697266,
      "cy": 243.76173751078295,
      "is_fisheye": false,
      "camera_angle_x": 0.9681944369000475,
      "camera_angle_y": 0.7513234541966833,
      "fovx": 55.47345498241801,
      "fovy": 43.047662974660575
    },
    {
      "file_path": "./images/robot/000017-color.png",
      "sharpness": 786.5132096501561,
      "transform_matrix": [
        [
          0.9658887144143443,
          -0.06231292334723861,
          0.25134854490026076,
          0.8345016521219322
        ],
        [
          0.18186222661712453,
          0.8542038044918987,
          -0.4870954638689552,
          -1.130285473856848
        ],
        [
          -0.18435054100445192,
          0.5161908174259792,
          0.8363981815554725,
          2.1110217756544016
        ],
        [
          0.0,
          0.0,
          0.0,
          1.0
        ]
      ],
      "w": 640.0,
      "h": 480.0,
      "fl_x": 608.562030830161,
      "fl_y": 608.5331075830826,
      "k1": 0.13988932934004733,
      "k2": -0.30767041035500986,
      "k3": 0,
      "k4": 0,
      "p1": -0.00020454452767109955,
      "p2": -0.00042662455043181386,
      "cx": 321.3254292697266,
      "cy": 243.76173751078295,
      "is_fisheye": false,
      "camera_angle_x": 0.9681944369000475,
      "camera_angle_y": 0.7513234541966833,
      "fovx": 55.47345498241801,
      "fovy": 43.047662974660575
    },
    {
      "file_path": "./images/robot/000025-color.png",
      "sharpness": 1271.2676334558166,
      "transform_matrix": [
        [
          -0.1722508952612124,
          -0.5567841838522558,
          0.812601379377515,
          3.719687355186282
        ],
        [
          0.985053108020304,
          -0.09741110598414404,
          0.14206143322791662,
          0.8132196264460952
        ],
        [
          5.883993271749315e-05,
          0.8249257233930066,
          0.5652411410143665,
          2.538323839894504
        ],
        [
          0.0,
          0.0,
          0.0,
          1.0
        ]
      ],
      "w": 640.0,
      "h": 480.0,
      "fl_x": 608.562030830161,
      "fl_y": 608.5331075830826,
      "k1": 0.13988932934004733,
      "k2": -0.30767041035500986,
      "k3": 0,
      "k4": 0,
      "p1": -0.00020454452767109955,
      "p2": -0.00042662455043181386,
      "cx": 321.3254292697266,
      "cy": 243.76173751078295,
      "is_fisheye": false,
      "camera_angle_x": 0.9681944369000475,
      "camera_angle_y": 0.7513234541966833,
      "fovx": 55.47345498241801,
      "fovy": 43.047662974660575
    },
    {
      "file_path": "./images/robot/000026-color.png",
      "sharpness": 1321.5980161891937,
      "transform_matrix": [
        [
          -0.3620841507198525,
          -0.5525767221757705,
          0.7507023604462132,
          3.551167097244142
        ],
        [
          0.9314744316708441,
          -0.24504092460087543,
          0.26890579840254614,
          1.306906091995059
        ],
        [
          0.03536171584846216,
          0.7966265821888272,
          0.6034365233189289,
          2.8013662392308176
        ],
        [
          0.0,
          0.0,
          0.0,
          1.0
        ]
      ],
      "w": 640.0,
      "h": 480.0,
      "fl_x": 608.562030830161,
      "fl_y": 608.5331075830826,
      "k1": 0.13988932934004733,
      "k2": -0.30767041035500986,
      "k3": 0,
      "k4": 0,
      "p1": -0.00020454452767109955,
      "p2": -0.00042662455043181386,
      "cx": 321.3254292697266,
      "cy": 243.76173751078295,
      "is_fisheye": false,
      "camera_angle_x": 0.9681944369000475,
      "camera_angle_y": 0.7513234541966833,
      "fovx": 55.47345498241801,
      "fovy": 43.047662974660575
    },
    {
      "file_path": "./images/robot/000024-color.png",
      "sharpness": 1226.6022791320377,
      "transform_matrix": [
        [
          -0.011655744852161816,
          -0.5958281951432355,
          0.8030273379884696,
          3.809351406581321
        ],
        [
          0.9961840804714035,
          0.06254819560959554,
          0.06086871973035521,
          0.2758725795569095
        ],
        [
          -0.08649521043397256,
          0.8006725205540972,
          0.5928255168887113,
          2.5288087655674487
        ],
        [
          0.0,
          0.0,
          0.0,
          1.0
        ]
      ],
      "w": 640.0,
      "h": 480.0,
      "fl_x": 608.562030830161,
      "fl_y": 608.5331075830826,
      "k1": 0.13988932934004733,
      "k2": -0.30767041035500986,
      "k3": 0,
      "k4": 0,
      "p1": -0.00020454452767109955,
      "p2": -0.00042662455043181386,
      "cx": 321.3254292697266,
      "cy": 243.76173751078295,
      "is_fisheye": false,
      "camera_angle_x": 0.9681944369000475,
      "camera_angle_y": 0.7513234541966833,
      "fovx": 55.47345498241801,
      "fovy": 43.047662974660575
    },
    {
      "file_path": "./images/robot/000030-color.png",
      "sharpness": 1057.833398334715,
      "transform_matrix": [
        [
          -0.5615444241069764,
          -0.33512506337376885,
          0.7565441505461815,
          3.1813769240757694
        ],
        [
          0.8102856355607305,
          -0.4079598814296238,
          0.42072071965634755,
          1.8823774323049918
        ],
        [
          0.16764560411560456,
          0.8492702320843619,
          0.5006346216442926,
          2.301818174077114
        ],
        [
          0.0,
          0.0,
          0.0,
          1.0
        ]
      ],
      "w": 640.0,
      "h": 480.0,
      "fl_x": 608.562030830161,
      "fl_y": 608.5331075830826,
      "k1": 0.13988932934004733,
      "k2": -0.30767041035500986,
      "k3": 0,
      "k4": 0,
      "p1": -0.00020454452767109955,
      "p2": -0.00042662455043181386,
      "cx": 321.3254292697266,
      "cy": 243.76173751078295,
      "is_fisheye": false,
      "camera_angle_x": 0.9681944369000475,
      "camera_angle_y": 0.7513234541966833,
      "fovx": 55.47345498241801,
      "fovy": 43.047662974660575
    },
    {
      "file_path": "./images/robot/000034-color.png",
      "sharpness": 1108.8536784932348,
      "transform_matrix": [
        [
          -0.13719131343204247,
          -0.48109436625080515,
          0.8658676309650795,
          3.9821802232561176
        ],
        [
          0.9892260888889011,
          -0.11162993534650104,
          0.09471273724472645,
          0.5054056682107528
        ],
        [
          0.05109098336262915,
          0.8695326148964315,
          0.4912257557612889,
          2.0687926143800324
        ],
        [
          0.0,
          0.0,
          0.0,
          1.0
        ]
      ],
      "w": 640.0,
      "h": 480.0,
      "fl_x": 608.562030830161,
      "fl_y": 608.5331075830826,
      "k1": 0.13988932934004733,
      "k2": -0.30767041035500986,
      "k3": 0,
      "k4": 0,
      "p1": -0.00020454452767109955,
      "p2": -0.00042662455043181386,
      "cx": 321.3254292697266,
      "cy": 243.76173751078295,
      "is_fisheye": false,
      "camera_angle_x": 0.9681944369000475,
      "camera_angle_y": 0.7513234541966833,
      "fovx": 55.47345498241801,
      "fovy": 43.047662974660575
    },
    {
      "file_path": "./images/robot/000033-color.png",
      "sharpness": 1087.76975950453,
      "transform_matrix": [
        [
          -0.2401747835838773,
          -0.45781240516947236,
          0.855992917655241,
          4.01249920458382
        ],
        [
          0.9704435548384498,
          -0.13464471461533836,
          0.2002750800747589,
          1.029931199024742
        ],
        [
