{
  "frames": [
    {
      "file_path": "./images/robot/000001-color.png",
      "sharpness": 740.1983182622168,
      "transform_matrix": [
        [
          -0.8901765007346769,
          0.0014594953206263934,
          0.4556135066946906,
          1.6863462697233726
        ],
        [
          0.22333751916865718,
          -0.8702143422410848,
          0.4391438842675253,
          2.4627796983557726
        ],
        [
          0.39712233648864426,
          0.4926711565012243,
          0.7743183980011507,
          4.094003935184659
        ],
        [
          0.0,
          0.0,
          0.0,
          1.0
        ]
      ],
      "w": 640.0,
      "h": 480.0,
      "fl_x": 604.9781809242633,
      "fl_y": 604.6814577491907,
      "k1": 0.13846671175204822,
      "k2": -0.31209445743971354,
      "k3": 0,
      "k4": 0,
      "p1": 1.402476514724266e-05,
      "p2": 0.00030414683875736617,
      "cx": 322.9092272938748,
      "cy": 245.2778095920752,
      "is_fisheye": false,
      "camera_angle_x": 0.9730686856580315,
      "camera_angle_y": 0.7556677329721397,
      "fovx": 55.752728864547386,
      "fovy": 43.29657181352248
    },
    {
      "file_path": "./images/robot/000002-color.png",
      "sharpness": 790.9098958272298,
      "transform_matrix": [
        [
          -0.8950661036522295,
          -0.15686717636735667,
          0.4174318616742233,
          1.7794047167581077
        ],
        [
          0.3769820224143348,
          -0.7662037787941942,
          0.5204001577036279,
          2.404671760677776
        ],
        [
          0.2382041664837896,
          0.6231568489299208,
          0.7449391362863257,
          3.5700657729391954
        ],
        [
          0.0,
          0.0,
          0.0,
          1.0
        ]
      ],
      "w": 640.0,
      "h": 480.0,
      "fl_x": 604.9781809242633,
      "fl_y": 604.6814577491907,
      "k1": 0.13846671175204822,
      "k2": -0.31209445743971354,
      "k3": 0,
      "k4": 0,
      "p1": 1.402476514724266e-05,
      "p2": 0.00030414683875736617,
      "cx": 322.9092272938748,
      "cy": 245.2778095920752,
      "is_fisheye": false,
      "camera_angle_x": 0.9730686856580315,
      "camera_angle_y": 0.7556677329721397,
      "fovx": 55.752728864547386,
      "fovy": 43.29657181352248
    },
    {
      "file_path": "./images/robot/000003-color.png",
      "sharpness": 718.9758228568927,
      "transform_matrix": [
        [
          -0.8341206068092196,
          -0.27294634007479124,
          0.47931524991956365,
          2.159512982643609
        ],
        [
          0.5136435202051065,
          -0.7010786926976939,
          0.49463016567599566,
          2.3343654597603853
        ],
        [
          0.2010302153918253,
          0.6587783861964814,
          0.7249813035171307,
          3.300739260128886
        ],
        [
          0.0,
          0.0,
          0.0,
          1.0
        ]
      ],
      "w": 640.0,
      "h": 480.0,
      "fl_x": 604.9781809242633,
      "fl_y": 604.6814577491907,
      "k1": 0.13846671175204822,
      "k2": -0.31209445743971354,
      "k3": 0,
      "k4": 0,
      "p1": 1.402476514724266e-05,
      "p2": 0.00030414683875736617,
      "cx": 322.9092272938748,
      "cy": 245.2778095920752,
      "is_fisheye": false,
      "camera_angle_x": 0.9730686856580315,
      "camera_angle_y": 0.7556677329721397,
      "fovx": 55.752728864547386,
      "fovy": 43.29657181352248
    },
    {
      "file_path": "./images/robot/000013-color.png",
      "sharpness": 629.0936031209203,
      "transform_matrix": [
        [
          0.06456727729152878,
          0.9291473323927565,
          -0.3640278855802663,
          -0.6665128751866461
        ],
        [
          -0.9948102746365106,
          0.031185566573130968,
          -0.09685028608736872,
          -0.05160215150644871
        ],
        [
          -0.07863576909931448,
          0.3683920401070214,
          0.9263388800398417,
          2.301368613129796
        ],
        [
          0.0,
          0.0,
          0.0,
          1.0
        ]
      ],
      "w": 640.0,
      "h": 480.0,
      "fl_x": 604.9781809242633,
      "fl_y": 604.6814577491907,
      "k1": 0.13846671175204822,
      "k2": -0.31209445743971354,
      "k3": 0,
      "k4": 0,
      "p1": 1.402476514724266e-05,
      "p2": 0.00030414683875736617,
      "cx": 322.9092272938748,
      "cy": 245.2778095920752,
      "is_fisheye": false,
      "camera_angle_x": 0.9730686856580315,
      "camera_angle_y": 0.7556677329721397,
      "fovx": 55.752728864547386,
      "fovy": 43.29657181352248
    },
    {
      "file_path": "./images/robot/000014-color.png",
      "sharpness": 520.8450813504431,
      "transform_matrix": [
        [
          0.6604794963441244,
          0.7055342757153393,
          -0.25688172525367214,
          -0.31894158545189144
        ],
        [
          -0.7481409319129155,
          0.5893837884754018,
          -0.30481452701425327,
          -0.7383716905944258
        ],
        [
          -0.06365517212440837,
          0.3935074786034251,
          0.9171149782958019,
          2.1990575711687117
        ],
        [
          0.0,
          0.0,
          0.0,
          1.0
        ]
      ],
      "w": 640.0,
      "h": 480.0,
      "fl_x": 604.9781809242633,
      "fl_y": 604.6814577491907,
      "k1": 0.13846671175204822,
      "k2": -0.31209445743971354,
      "k3": 0,
      "k4": 0,
      "p1": 1.402476514724266e-05,
      "p2": 0.00030414683875736617,
      "cx": 322.9092272938748,
      "cy": 245.2778095920752,
      "is_fisheye": false,
      "camera_angle_x": 0.9730686856580315,
      "camera_angle_y": 0.7556677329721397,
      "fovx": 55.752728864547386,
      "fovy": 43.29657181352248
    },
    {
      "file_path": "./images/robot/000012-color.png",
      "sharpness": 724.7515033263735,
      "transform_matrix": [
        [
          -0.11295567021491577,
          0.9415521146406773,
          -0.31736513994360666,
          -0.7220692229110858
        ],
        [
          -0.993243949244414,
          -0.09844984055787426,
          0.06143359165433355,
          0.13461673392702353
        ],
        [
          0.026598380706034114,
          0.3221602774691197,
          0.946311408487903,
          2.5928677763340766
        ],
        [
          0.0,
          0.0,
          0.0,
          1.0
        ]
      ],
      "w": 640.0,
      "h": 480.0,
      "fl_x": 604.9781809242633,
      "fl_y": 604.6814577491907,
      "k1": 0.13846671175204822,
      "k2": -0.31209445743971354,
      "k3": 0,
      "k4": 0,
      "p1": 1.402476514724266e-05,
      "p2": 0.00030414683875736617,
      "cx": 322.9092272938748,
      "cy": 245.2778095920752,
      "is_fisheye": false,
      "camera_angle_x": 0.9730686856580315,
      "camera_angle_y": 0.7556677329721397,
      "fovx": 55.752728864547386,
      "fovy": 43.29657181352248
    },
    {
      "file_path": "./images/robot/000015-color.png",
      "sharpness": 494.40599240187555,
      "transform_matrix": [
        [
          0.7499527394530608,
          0.6493003211900404,
          -0.12641195180368792,
          -0.045102350677841414
        ],
        [
          -0.6396790000814289,
          0.6631880002782148,
          -0.38857747379624297,
          -0.9289519220858514
        ],
        [
          -0.168468589015161,
          0.3722778118913672,
          0.9127034377924401,
          2.4021367708799968
        ],
        [
          0.0,
          0.0,
          0.0,
          1.0
        ]
      ],
      "w": 640.0,
      "h": 480.0,
      "fl_x": 604.9781809242633,
      "fl_y": 604.6814577491907,
      "k1": 0.13846671175204822,
      "k2": -0.31209445743971354,
      "k3": 0,
      "k4": 0,
      "p1": 1.402476514724266e-05,
      "p2": 0.00030414683875736617,
      "cx": 322.9092272938748,
      "cy": 245.2778095920752,
      "is_fisheye": false,
      "camera_angle_x": 0.9730686856580315,
      "camera_angle_y": 0.7556677329721397,
      "fovx": 55.752728864547386,
      "fovy": 43.29657181352248
    },
    {
      "file_path": "./images/robot/000000-color.png",
      "sharpness": 580.5189308252972,
      "transform_matrix": [
        [
          0.6991434953463758,
          0.7104967658218693,
          0.07995447918019236,
          0.44302121690870827
        ],
        [
          -0.7090714638626644,
          0.7033639854040846,
          -0.04996762123822623,
          -0.24770933461294684
        ],
        [
          -0.09173893441266005,
          -0.021758902228039265,
          0.9955453370671689,
          3.9188114413817803
        ],
        [
          0.0,
          0.0,
          0.0,
          1.0
        ]
      ],
      "w": 640.0,
      "h": 480.0,
      "fl_x": 604.9781809242633,
      "fl_y": 604.6814577491907,
      "k1": 0.13846671175204822,
      "k2": -0.31209445743971354,
      "k3": 0,
      "k4": 0,
      "p1": 1.402476514724266e-05,
      "p2": 0.00030414683875736617,
      "cx": 322.9092272938748,
      "cy": 245.2778095920752,
      "is_fisheye": false,
      "camera_angle_x": 0.9730686856580315,
      "camera_angle_y": 0.7556677329721397,
      "fovx": 55.752728864547386,
      "fovy": 43.29657181352248
    },
    {
      "file_path": "./images/robot/000008-color.png",
      "sharpness": 794.4625745813053,
      "transform_matrix": [
        [
          -0.734060596010513,
          0.6641294658927264,
          -0.14172894548112366,
          -0.48140923363077465
        ],
        [
          -0.6152671789811003,
          -0.5621019536203149,
          0.5527094102735438,
          2.1826259450622874
        ],
        [
          0.28740448829936577,
          0.4929233675921535,
          0.8212339580512442,
          3.3510959836650964
        ],
        [
          0.0,
          0.0,
          0.0,
          1.0
        ]
      ],
      "w": 640.0,
      "h": 480.0,
      "fl_x": 604.9781809242633,
      "fl_y": 604.6814577491907,
      "k1": 0.13846671175204822,
      "k2": -0.31209445743971354,
      "k3": 0,
      "k4": 0,
      "p1": 1.402476514724266e-05,
      "p2": 0.00030414683875736617,
      "cx": 322.9092272938748,
      "cy": 245.2778095920752,
      "is_fisheye": false,
      "camera_angle_x": 0.9730686856580315,
      "camera_angle_y": 0.7556677329721397,
      "fovx": 55.752728864547386,
      "fovy": 43.29657181352248
    },
    {
      "file_path": "./images/robot/000004-color.png",
      "sharpness": 826.7893501271141,
      "transform_matrix": [
        [
          -0.9318514104009514,
          -0.0905831380244714,
          0.3513511692151532,
          1.347022838394587
        ],
        [
          0.2758433509447268,
          -0.80593752185879,
          0.5238083204758781,
          2.417349948235895
        ],
        [
          0.23571888922741602,
          0.5850294060898562,
          0.7760007727709203,
          3.5373916832851786
        ],
        [
          0.0,
          0.0,
          0.0,
          1.0
        ]
      ],
      "w": 640.0,
      "h": 480.0,
      "fl_x": 604.9781809242633,
      "fl_y": 604.6814577491907,
      "k1": 0.13846671175204822,
      "k2": -0.31209445743971354,
      "k3": 0,
      "k4": 0,
      "p1": 1.402476514724266e-05,
      "p2": 0.00030414683875736617,
      "cx": 322.9092272938748,
      "cy": 245.2778095920752,
      "is_fisheye": false,
      "camera_angle_x": 0.9730686856580315,
      "camera_angle_y": 0.7556677329721397,
      "fovx": 55.752728864547386,
      "fovy": 43.29657181352248
    },
    {
      "file_path": "./images/robot/000010-color.png",
      "sharpness": 697.5436098907364,
      "transform_matrix": [
        [
          -0.4356234237367199,
          0.8387662635635855,
          -0.3266548451637293,
          -0.9685118877492302
        ],
        [
          -0.8779835258374494,
          -0.315937506969369,
          0.35962260781003064,
          1.0099191362325661
        ],
        [
          0.1984367936253181,
          0.4434576043560689,
          0.874052739909899,
          2.7871888027091067
        ],
        [
          0.0,
          0.0,
          0.0,
          1.0
        ]
      ],
      "w": 640.0,
      "h": 480.0,
      "fl_x": 604.9781809242633,
      "fl_y": 604.6814577491907,
      "k1": 0.13846671175204822,
      "k2": -0.31209445743971354,
      "k3": 0,
      "k4": 0,
      "p1": 1.402476514724266e-05,
      "p2": 0.00030414683875736617,
      "cx": 322.9092272938748,
      "cy": 245.2778095920752,
      "is_fisheye": false,
      "camera_angle_x": 0.9730686856580315,
      "camera_angle_y": 0.7556677329721397,
      "fovx": 55.752728864547386,
      "fovy": 43.29657181352248
    },
    {
      "file_path": "./images/robot/000011-color.png",
      "sharpness": 696.7930480694135,
      "transform_matrix": [
        [
          -0.40280962660565117,
          0.8399096406708941,
          -0.36372544630718984,
          -0.9778929092863232
        ],
        [
          -0.9005271529355081,
          -0.2926077694982093,
          0.321607742529958,
          0.6583467657969865
        ],
        [
          0.16369255191162682,
          0.45709133529518897,
          0.8742266638099313,
          2.5428021644444363
        ],
        [
          0.0,
          0.0,
          0.0,
          1.0
        ]
      ],
      "w": 640.0,
      "h": 480.0,
      "fl_x": 604.9781809242633,
      "fl_y": 604.6814577491907,
      "k1": 0.13846671175204822,
      "k2": -0.31209445743971354,
      "k3": 0,
      "k4": 0,
      "p1": 1.402476514724266e-05,
      "p2": 0.00030414683875736617,
      "cx": 322.9092272938748,
      "cy": 245.2778095920752,
      "is_fisheye": false,
      "camera_angle_x": 0.9730686856580315,
      "camera_angle_y": 0.7556677329721397,
      "fovx": 55.752728864547386,
      "fovy": 43.29657181352248
    },
    {
      "file_path": "./images/robot/000005-color.png",
      "sharpness": 841.3280124714746,
      "transform_matrix": [
        [
          -0.9635534047870447,
          0.0971691590447088,
          0.24924484091610605,
          0.9865922575699321
        ],
        [
          0.043190904869335356,
          -0.8629708913081376,
          0.5034041979279368,
          2.545937335562506
        ],
        [
          0.26400640509156037,
          0.4958219391107357,
          0.8273217166475343,
          3.9832754907259686
        ],
        [
          0.0,
          0.0,
          0.0,
          1.0
        ]
      ],
      "w": 640.0,
      "h": 480.0,
      "fl_x": 604.9781809242633,
      "fl_y": 604.6814577491907,
      "k1": 0.13846671175204822,
      "k2": -0.31209445743971354,
      "k3": 0,
      "k4": 0,
      "p1": 1.402476514724266e-05,
      "p2": 0.00030414683875736617,
      "cx": 322.9092272938748,
      "cy": 245.2778095920752,
      "is_fisheye": false,
      "camera_angle_x": 0.9730686856580315,
      "camera_angle_y": 0.7556677329721397,
      "fovx": 55.752728864547386,
      "fovy": 43.29657181352248
    },
    {
      "file_path": "./images/robot/000006-color.png",
      "sharpness": 863.8191160832619,
      "transform_matrix": [
        [
          -0.9633867637526471,
          0.20347395146161434,
          0.1745975216669959,
          0.6609645473644423
        ],
        [
          -0.0767973430140449,
          -0.8333340777967672,
          0.5474088809004288,
          2.489737432006434
        ],
        [
          0.2568815127659574,
          0.5139578444592593,
          0.8184492791782441,
          3.9671959362279225
        ],
        [
          0.0,
          0.0,
          0.0,
          1.0
        ]
      ],
      "w": 640.0,
      "h": 480.0,
      "fl_x": 604.9781809242633,
      "fl_y": 604.6814577491907,
      "k1": 0.13846671175204822,
      "k2": -0.31209445743971354,
      "k3": 0,
      "k4": 0,
      "p1": 1.402476514724266e-05,
      "p2": 0.00030414683875736617,
      "cx": 322.9092272938748,
      "cy": 245.2778095920752,
      "is_fisheye": false,
      "camera_angle_x": 0.9730686856580315,
      "camera_angle_y": 0.7556677329721397,
      "fovx": 55.752728864547386,
      "fovy": 43.29657181352248
    },
    {
      "file_path": "./images/robot/000009-color.png",
      "sharpness": 865.7548907707106,
      "transform_matrix": [
        [
          -0.6246584474330213,
          0.7676721143492055,
          -0.14311306359185472,
          -0.6107637130555159
        ],
        [
          -0.7280709710970087,
          -0.5062755815829302,
          0.4621663083120497,
          1.769405535780119
        ],
        [
          0.2823375375807968,
          0.39289255579204563,
          0.8751691005431629,
          3.4549296580138606
        ],
        [
          0.0,
          0.0,
          0.0,
          1.0
        ]
      ],
      "w": 640.0,
      "h": 480.0,
      "fl_x": 604.9781809242633,
      "fl_y": 604.6814577491907,
      "k1": 0.13846671175204822,
      "k2": -0.31209445743971354,
      "k3": 0,
      "k4": 0,
      "p1": 1.402476514724266e-05,
      "p2": 0.00030414683875736617,
      "cx": 322.9092272938748,
      "cy": 245.2778095920752,
      "is_fisheye": false,
      "camera_angle_x": 0.9730686856580315,
      "camera_angle_y": 0.7556677329721397,
      "fovx": 55.752728864547386,
      "fovy": 43.29657181352248
    },
    {
      "file_path": "./images/robot/000007-color.png",
      "sharpness": 974.0319266248918,
      "transform_matrix": [
        [
          -0.7473190963080778,
          0.6508748143248547,
          0.13370169946683827,
          0.14636351510663972
        ],
        [
          -0.5028036853291957,
          -0.685480238979832,
          0.5265978503446382,
          2.2051248810093895
        ],
        [
          0.4343991509694721,
          0.3263109224106293,
          0.8395347280619474,
          4.066914995037541
        ],
        [
          0.0,
          0.0,
          0.0,
          1.0
        ]
      ],
      "w": 640.0,
      "h": 480.0,
      "fl_x": 604.9781809242633,
      "fl_y": 604.6814577491907,
      "k1": 0.13846671175204822,
      "k2": -0.31209445743971354,
      "k3": 0,
      "k4": 0,
      "p1": 1.402476514724266e-05,
      "p2": 0.00030414683875736617,
      "cx": 322.9092272938748,
      "cy": 245.2778095920752,
      "is_fisheye": false,
      "camera_angle_x": 0.9730686856580315,
      "camera_angle_y": 0.7556677329721397,
      "fovx": 55.752728864547386,
      "fovy": 43.29657181352248
    },
    {
      "file_path": "./images/robot/000022-color.png",
      "sharpness": 670.1693258473606,
      "transform_matrix": [
        [
          0.6030056550490579,
          -0.40128007573916996,
          0.6894624579069412,
          2.7433575214113515
        ],
        [
          0.795493625664833,
          0.3672426355877499,
          -0.4819986910078133,
          -1.6713195166967438
        ],
        [
          -0.05978353894675714,
          0.839110926804135,
          0.5406651283913448,
          2.161221430479151
        ],
        [
          0.0,
          0.0,
          0.0,
          1.0
        ]
      ],
      "w": 640.0,
      "h": 480.0,
      "fl_x": 604.9781809242633,
      "fl_y": 604.6814577491907,
      "k1": 0.13846671175204822,
      "k2": -0.31209445743971354,
      "k3": 0,
      "k4": 0,
      "p1": 1.402476514724266e-05,
      "p2": 0.00030414683875736617,
      "cx": 322.9092272938748,
      "cy": 245.2778095920752,
      "is_fisheye": false,
      "camera_angle_x": 0.9730686856580315,
      "camera_angle_y": 0.7556677329721397,
      "fovx": 55.752728864547386,
      "fovy": 43.29657181352248
    },
    {
      "file_path": "./images/robot/000021-color.png",
      "sharpness": 682.4215176897578,
      "transform_matrix": [
        [
          0.6850470732328922,
          -0.3885364656084933,
          0.6162385272092024,
          2.330873206181097
        ],
        [
          0.7246322309990325,
          0.45046034288853143,
          -0.5215300655591925,
          -1.778944217830419
        ],
        [
          -0.07495756988684643,
          0.8038189438134454,
          0.5901325854016349,
          2.1540730679539206
        ],
        [
          0.0,
          0.0,
          0.0,
          1.0
        ]
      ],
      "w": 640.0,
      "h": 480.0,
      "fl_x": 604.9781809242633,
      "fl_y": 604.6814577491907,
      "k1": 0.13846671175204822,
      "k2": -0.31209445743971354,
      "k3": 0,
      "k4": 0,
      "p1": 1.402476514724266e-05,
      "p2": 0.00030414683875736617,
      "cx": 322.9092272938748,
      "cy": 245.2778095920752,
      "is_fisheye": false,
      "camera_angle_x": 0.9730686856580315,
      "camera_angle_y": 0.7556677329721397,
      "fovx": 55.752728864547386,
      "fovy": 43.29657181352248
    },
    {
      "file_path": "./images/robot/000018-color.png",
      "sharpness": 597.8770531677246,
      "transform_matrix": [
        [
          0.9859121225800452,
          0.09245586807732431,
          0.13938866193933078,
          0.7104300516626423
        ],
        [
          0.00943877646481963,
          0.8012640811607009,
          -0.5982363928587173,
          -1.4911007830675818
        ],
        [
          -0.1669975931502375,
          0.5911241703097431,
          0.7891033007326531,
          2.1100868157760813
        ],
        [
          0.0,
          0.0,
          0.0,
          1.0
        ]
      ],
      "w": 640.0,
      "h": 480.0,
      "fl_x": 604.9781809242633,
      "fl_y": 604.6814577491907,
      "k1": 0.13846671175204822,
      "k2": -0.31209445743971354,
      "k3": 0,
      "k4": 0,
      "p1": 1.402476514724266e-05,
      "p2": 0.00030414683875736617,
      "cx": 322.9092272938748,
      "cy": 245.2778095920752,
      "is_fisheye": false,
      "camera_angle_x": 0.9730686856580315,
      "camera_angle_y": 0.7556677329721397,
      "fovx": 55.752728864547386,
      "fovy": 43.29657181352248
    },
    {
      "file_path": "./images/robot/000023-color.png",
      "sharpness": 709.459917841583,
      "transform_matrix": [
        [
          0.4604457734612065,
          -0.4816283099639642,
          0.7456700750415195,
          3.246055798414767
        ],
        [
          0.886836274187399,
          0.2863674099181067,
          -0.36265014728009076,
          -1.4009260655887157
        ],
        [
          -0.0388730305003875,
          0.8282679986830611,
          0.5589821195054409,
          2.283631138484996
        ],
        [
          0.0,
          0.0,
          0.0,
          1.0
        ]
      ],
      "w": 640.0,
      "h": 480.0,
      "fl_x": 604.9781809242633,
      "fl_y": 604.6814577491907,
      "k1": 0.13846671175204822,
      "k2": -0.31209445743971354,
      "k3": 0,
      "k4": 0,
      "p1": 1.402476514724266e-05,
      "p2": 0.00030414683875736617,
      "cx": 322.9092272938748,
      "cy": 245.2778095920752,
      "is_fisheye": false,
      "camera_angle_x": 0.9730686856580315,
      "camera_angle_y": 0.7556677329721397,
      "fovx": 55.752728864547386,
      "fovy": 43.29657181352248
    },
    {
      "file_path": "./images/robot/000019-color.png",
      "sharpness": 638.128030363708,
      "transform_matrix": [
        [
          0.9304618793390246,
          -0.14583364825930156,
          0.33611491814813954,
          1.2278844903793094
        ],
        [
          0.33103362503405653,
          0.7277815279852705,
          -0.600625329652605,
          -1.6624368378044685
        ],
        [
          -0.15702684564831207,
          0.6701243127897881,
          0.72544880951262,
          2.1486119853922734
        ],
        [
          0.0,
          0.0,
          0.0,
          1.0
        ]
      ],
      "w": 640.0,
      "h": 480.0,
      "fl_x": 604.9781809242633,
      "fl_y": 604.6814577491907,
      "k1": 0.13846671175204822,
      "k2": -0.31209445743971354,
      "k3": 0,
      "k4": 0,
      "p1": 1.402476514724266e-05,
      "p2": 0.00030414683875736617,
      "cx": 322.9092272938748,
      "cy": 245.2778095920752,
      "is_fisheye": false,
      "camera_angle_x": 0.9730686856580315,
      "camera_angle_y": 0.7556677329721397,
      "fovx": 55.752728864547386,
      "fovy": 43.29657181352248
    },
    {
      "file_path": "./images/robot/000028-color.png",
      "sharpness": 680.1286297454411,
      "transform_matrix": [
        [
          -0.4198311523300326,
          -0.4761626009228148,
          0.772664856897941,
          3.888892615225798
        ],
        [
          0.8568892309034313,
          -0.4885404446901448,
          0.16452683630261072,
          1.1380396019237564
        ],
        [
          0.2991365064899139,
          0.7311616862475261,
          0.6131231027438179,
          3.1029350388704837
        ],
        [
          0.0,
          0.0,
          0.0,
          1.0
        ]
      ],
      "w": 640.0,
      "h": 480.0,
      "fl_x": 604.9781809242633,
      "fl_y": 604.6814577491907,
      "k1": 0.13846671175204822,
      "k2": -0.31209445743971354,
      "k3": 0,
      "k4": 0,
      "p1": 1.402476514724266e-05,
      "p2": 0.00030414683875736617,
      "cx": 322.9092272938748,
      "cy": 245.2778095920752,
      "is_fisheye": false,
      "camera_angle_x": 0.9730686856580315,
      "camera_angle_y": 0.7556677329721397,
      "fovx": 55.752728864547386,
      "fovy": 43.29657181352248
    },
    {
      "file_path": "./images/robot/000025-color.png",
      "sharpness": 745.9775126302084,
      "transform_matrix": [
        [
          0.18235738121110046,
          -0.5557945226531524,
          0.8110722743233442,
          3.855047589059481
        ],
        [
          0.983153179201295,
          0.11353908229577468,
          -0.143243509513986,
          -0.5058443400104818
        ],
        [
          -0.01247444370873119,
          0.8235297963334787,
          0.5671358416416822,
          2.5944653995998093
        ],
        [
          0.0,
          0.0,
          0.0,
          1.0
        ]
      ],
      "w": 640.0,
      "h": 480.0,
      "fl_x": 604.9781809242633,
      "fl_y": 604.6814577491907,
      "k1": 0.13846671175204822,
      "k2": -0.31209445743971354,
      "k3": 0,
      "k4": 0,
      "p1": 1.402476514724266e-05,
      "p2": 0.00030414683875736617,
      "cx": 322.9092272938748,
      "cy": 245.2778095920752,
      "is_fisheye": false,
      "camera_angle_x": 0.9730686856580315,
      "camera_angle_y": 0.7556677329721397,
      "fovx": 55.752728864547386,
      "fovy": 43.29657181352248
    },
    {
      "file_path": "./images/robot/000030-color.png",
      "sharpness": 735.7555701077673,
      "transform_matrix": [
        [
          -0.2473353798679625,
          -0.4592774288920728,
          0.8531643764511713,
          3.7070927595147025
        ],
        [
          0.9567672653567283,
          -0.2548438311464429,
          0.14018210181216087,
          0.7114484739512009
        ],
        [
          0.15304120299550647,
          0.8509517407593655,
          0.5024535054647502,
          2.3546115768720064
        ],
        [
          0.0,
          0.0,
          0.0,
          1.0
        ]
      ],
      "w": 640.0,
      "h": 480.0,
      "fl_x": 604.9781809242633,
      "fl_y": 604.6814577491907,
      "k1": 0.13846671175204822,
      "k2": -0.31209445743971354,
      "k3": 0,
      "k4": 0,
      "p1": 1.402476514724266e-05,
      "p2": 0.00030414683875736617,
      "cx": 322.9092272938748,
      "cy": 245.2778095920752,
      "is_fisheye": false,
      "camera_angle_x": 0.9730686856580315,
      "camera_angle_y": 0.7556677329721397,
      "fovx": 55.752728864547386,
      "fovy": 43.29657181352248
    },
    {
      "file_path": "./images/robot/000020-color.png",
      "sharpness": 649.7287267047459,
      "transform_matrix": [
        [
          0.8214893699097526,
          -0.3488798283317821,
          0.45104110741474696,
          1.677566711244
        ],
        [
          0.5668929892782317,
          0.5850455389573251,
          -0.579960391797049,
          -1.7228215219839431
        ],
        [
          -0.06154310584998174,
          0.7321233384996816,
          0.6783862199484456,
          2.1932784208151115
        ],
        [
          0.0,
          0.0,
          0.0,
          1.0
        ]
      ],
      "w": 640.0,
      "h": 480.0,
      "fl_x": 604.9781809242633,
      "fl_y": 604.6814577491907,
      "k1": 0.13846671175204822,
      "k2": -0.31209445743971354,
      "k3": 0,
      "k4": 0,
      "p1": 1.402476514724266e-05,
      "p2": 0.00030414683875736617,
      "cx": 322.9092272938748,
      "cy": 245.2778095920752,
      "is_fisheye": false,
      "camera_angle_x": 0.9730686856580315,
      "camera_angle_y": 0.7556677329721397,
      "fovx": 55.752728864547386,
      "fovy": 43.29657181352248
    },
    {
      "file_path": "./images/robot/000024-color.png",
      "sharpness": 799.8902006266277,
      "transform_matrix": [
        [
          0.3371517121149985,
          -0.536276062716492,
          0.7737807878492982,
          3.755732068428707
        ],
        [
          0.9362990720534451,
          0.2768615993241312,
          -0.2160826288520344,
          -1.0503633320849903
        ],
        [
          -0.0983502450280449,
          0.7973428619118544,
          0.595459142116954,
          2.582506523539353
        ],
        [
          0.0,
          0.0,
          0.0,
          1.0
        ]
      ],
      "w": 640.0,
      "h": 480.0,
      "fl_x": 604.9781809242633,
      "fl_y": 604.6814577491907,
      "k1": 0.13846671175204822,
      "k2": -0.31209445743971354,
      "k3": 0,
      "k4": 0,
      "p1": 1.402476514724266e-05,
      "p2": 0.00030414683875736617,
      "cx": 322.9092272938748,
      "cy": 245.2778095920752,
      "is_fisheye": false,
      "camera_angle_x": 0.9730686856580315,
      "camera_angle_y": 0.7556677329721397,
      "fovx": 55.752728864547386,
      "fovy": 43.29657181352248
    },
    {
      "file_path": "./images/robot/000027-color.png",
      "sharpness": 737.3203092103639,
      "transform_matrix": [
        [
          -0.25297769877864973,
          -0.536859760631288,
          0.804850222963896,
          4.012540113379153
        ],
        [
          0.9450935022847652,
          -0.3150273196749312,
          0.08692559920764996,
          0.6393801351934715
        ],
        [
          0.2068829520967366,
          0.7826489540881292,
          0.587077557794555,
          3.056312782615956
        ],
        [
          0.0,
          0.0,
          0.0,
          1.0
        ]
      ],
      "w": 640.0,
      "h": 480.0,
      "fl_x": 604.9781809242633,
      "fl_y": 604.6814577491907,
      "k1": 0.13846671175204822,
      "k2": -0.31209445743971354,
      "k3": 0,
      "k4": 0,
      "p1": 1.402476514724266e-05,
      "p2": 0.00030414683875736617,
      "cx": 322.9092272938748,
      "cy": 245.2778095920752,
      "is_fisheye": false,
      "camera_angle_x": 0.9730686856580315,
      "camera_angle_y": 0.7556677329721397,
      "fovx": 55.752728864547386,
      "fovy": 43.29657181352248
    },
    {
      "file_path": "./images/robot/000017-color.png",
      "sharpness": 569.9006043836805,
      "transform_matrix": [
        [
          0.9661709559293752,
          0.2485708989222031,
          0.06874730683440777,
          0.4084595994708292
        ],
        [
          -0.17166106870415437,
          0.8187565985636202,
          -0.5478778237891577,
          -1.3779362135961948
        ],
        [
          -0.19247379426296055,
          0.5175424045811491,
          0.8337287916654337,
          2.1380667679546885
        ],
        [
          0.0,
          0.0,
          0.0,
          1.0
        ]
      ],
      "w": 640.0,
      "h": 480.0,
      "fl_x": 604.9781809242633,
      "fl_y": 604.6814577491907,
      "k1": 0.13846671175204822,
      "k2": -0.31209445743971354,
      "k3": 0,
      "k4": 0,
      "p1": 1.402476514724266e-05,
      "p2": 0.00030414683875736617,
      "cx": 322.9092272938748,
      "cy": 245.2778095920752,
      "is_fisheye": false,
      "camera_angle_x": 0.9730686856580315,
      "camera_angle_y": 0.7556677329721397,
      "fovx": 55.752728864547386,
      "fovy": 43.29657181352248
    },
    {
      "file_path": "./images/robot/000031-color.png",
      "sharpness": 732.0915463202159,
      "transform_matrix": [
        [
          -0.08931138713116485,
          -0.5173656632423523,
          0.8510912093870823,
          3.9881999905112053
        ],
        [
          0.9933031677122188,
          -0.10914935982955865,
          0.037884485765718685,
          0.25561779406883867
        ],
        [
          0.07329592855638839,
          0.8487751102706994,
          0.5236492328950182,
          2.3551295813900706
        ],
        [
          0.0,
          0.0,
          0.0,
          1.0
        ]
      ],
      "w": 640.0,
      "h": 480.0,
      "fl_x": 604.9781809242633,
      "fl_y": 604.6814577491907,
      "k1": 0.13846671175204822,
      "k2": -0.31209445743971354,
      "k3": 0,
      "k4": 0,
      "p1": 1.402476514724266e-05,
      "p2": 0.00030414683875736617,
      "cx": 322.9092272938748,
      "cy": 245.2778095920752,
      "is_fisheye": false,
      "camera_angle_x": 0.9730686856580315,
      "camera_angle_y": 0.7556677329721397,
      "fovx": 55.752728864547386,
      "fovy": 43.29657181352248
    },
    {
      "file_path": "./images/robot/000016-color.png",
      "sharpness": 501.97366063511123,
      "transform_matrix": [
        [
          0.8826527735322504,
          0.46753419783139033,
          -0.048330686974691006,
          0.11088250387183739
        ],
        [
          -0.433872313110794,
          0.770895391115272,
          -0.4663422690183552,
          -1.1741578933621557
        ],
        [
          -0.18077305482214312,
          0.4325876441163149,
          0.8832830989426265,
          2.1947913214997636
        ],
        [
          0.0,
          0.0,
          0.0,
          1.0
        ]
      ],
      "w": 640.0,
      "h": 480.0,
      "fl_x": 604.9781809242633,
      "fl_y": 604.6814577491907,
      "k1": 0.13846671175204822,
      "k2": -0.31209445743971354,
      "k3": 0,
      "k4": 0,
      "p1": 1.402476514724266e-05,
      "p2": 0.00030414683875736617,
      "cx": 322.9092272938748,
      "cy": 245.2778095920752,
      "is_fisheye": false,
      "camera_angle_x": 0.9730686856580315,
      "camera_angle_y": 0.7556677329721397,
      "fovx": 55.752728864547386,
      "fovy": 43.29657181352248
    },
    {
      "file_path": "./images/robot/000026-color.png",
      "sharpness": 842.2340332911174,
      "transform_matrix": [
        [
          -0.014391969228612585,
          -0.6059194380238254,
          0.7953958171351371,
          3.860752242536943
        ],
        [
          0.9996587537246415,
          -0.026062558832297952,
          -0.001766105566883221,
          0.030572961634508615
        ],
        [
          0.021800167971624845,
          0.7950989735381309,
          0.606087761817166,
          2.868121649744048
        ],
        [
          0.0,
          0.0,
          0.0,
          1.0
        ]
      ],
      "w": 640.0,
      "h": 480.0,
      "fl_x": 604.9781809242633,
      "fl_y": 604.6814577491907,
      "k1": 0.13846671175204822,
      "k2": -0.31209445743971354,
      "k3": 0,
      "k4": 0,
      "p1": 1.402476514724266e-05,
      "p2": 0.00030414683875736617,
      "cx": 322.9092272938748,
      "cy": 245.2778095920752,
      "is_fisheye": false,
      "camera_angle_x": 0.9730686856580315,
      "camera_angle_y": 0.7556677329721397,
      "fovx": 55.752728864547386,
      "fovy": 43.29657181352248
    },
    {
      "file_path": "./images/robot/000029-color.png",
      "sharpness": 686.8817078513144,
      "transform_matrix": [
        [
          -0.4161531505021811,
          -0.49051830165887284,
          0.7656424433991772,
          3.504464993749178
        ],
        [
          0.8885505759165195,
          -0.39820145844234706,
          0.2278452820070515,
          1.0405166926567302
        ],
        [
          0.1931176568358287,
          0.7751305659627626,
          0.6015631109019307,
          2.7061455910486663
        ],
        [
          0.0,
          0.0,
          0.0,
          1.0
        ]
      ],
      "w": 640.0,
      "h": 480.0,
      "fl_x": 604.9781809242633,
      "fl_y": 604.6814577491907,
      "k1": 0.13846671175204822,
      "k2": -0.31209445743971354,
      "k3": 0,
      "k4": 0,
      "p1": 1.402476514724266e-05,
      "p2": 0.00030414683875736617,
      "cx": 322.9092272938748,
      "cy": 245.2778095920752,
      "is_fisheye": false,
      "camera_angle_x": 0.9730686856580315,
      "camera_angle_y": 0.7556677329721397,
      "fovx": 55.752728864547386,
      "fovy": 43.29657181352248
    },
    {
      "file_path": "./images/robot/000033-color.png",
      "sharpness": 681.2934147097162,
      "transform_matrix": [
        [
          0.11105692300693586,
          -0.47603805498222945,
          0.8723841643051675,
          4.215378950049974
        ],
        [
          0.9937564222170712,
          0.04374044971722417,
          -0.1026398867932212,
          -0.39890418810961775
        ],
        [
          0.01070201639974846,
          0.878336235923768,
          0.47792355411484844,
          2.101916033234806
        ],
        [
          0.0,
          0.0,
          0.0,
          1.0
        ]
      ],
      "w": 640.0,
      "h": 480.0,
      "fl_x": 604.9781809242633,
      "fl_y": 604.6814577491907,
      "k1": 0.13846671175204822,
      "k2": -0.31209445743971354,
      "k3": 0,
      "k4": 0,
      "p1": 1.402476514724266e-05,
      "p2": 0.00030414683875736617,
      "cx": 322.9092272938748,
      "cy": 245.2778095920752,
      "is_fisheye": false,
      "camera_angle_x": 0.9730686856580315,
      "camera_angle_y": 0.7556677329721397,
      "fovx": 55.752728864547386,
      "fovy": 43.29657181352248
    },
    {
      "file_path": "./images/robot/000035-color.png",
      "sharpness": 648.994951139821,
      "transform_matrix": [
        [
          0.34019829399755486,
          -0.4676749022780376,
          0.815809601935304,
          3.7030230256960546
        ],
        [
          0.9403010229413057,
          0.15999995064009007,
          -0.30038975024252573,
          -1.2620088789972934
        ],
        [
          0.00995525104863713,
          0.8692986837919648,
          0.4941868992634654,
          2.0306788192695184
        ],
        [
          0.0,
          0.0,
          0.0,
          1.0
        ]
      ],
      "w": 640.0,
      "h": 480.0,
      "fl_x": 604.9781809242633,
      "fl_y": 604.6814577491907,
      "k1": 0.13846671175204822,
      "k2": -0.31209445743971354,
      "k3": 0,
      "k4": 0,
      "p1": 1.402476514724266e-05,
      "p2": 0.00030414683875736617,
      "cx": 322.9092272938748,
      "cy": 245.2778095920752,
      "is_fisheye": false,
      "camera_angle_x": 0.9730686856580315,
      "camera_angle_y": 0.7556677329721397,
      "fovx": 55.752728864547386,
      "fovy": 43.29657181352248
    },
    {
      "file_path": "./images/robot/000036-color.png",
      "sharpness": 608.0778357855477,
      "transform_matrix": [
        [
          0.49752971305227806,
          -0.42226090319313436,
          0.7577334058454162,
          3.164433627425057
        ],
        [
          0.8670666682531439,
          0.2679463426986908,
          -0.42000017885573826,
          -1.5857155810370271
        ],
        [
          -0.025682239972000028,
          0.8659679480984933,
          0.4994396214615215,
          1.9274489277831584
        ],
        [
